6281
4908
1891
7189
2326
0388
8218
0481
9586
5263
2470
0188
0968
5826
5529
6071
6880
4793
1790
3279
0910
0957
5919
8288
8733
6725
8232
9615
1263
6119
8278
6826
8485
8290
9309
0723
5039
5527
7315
5218
3289
3510
9813
7552
7412
8826
7112
5568
9026
5782
5672
1833
1735
2682
1139
8731
2778
6742
7198
9439
6251
2827
7796
6820
0262
8178
5953
3265
6362
3070
0585
9172
9199
9006
4217
5643
6679
7075
9901
5661
9290
6588
2762
4969
7878
8532
4537
2210
3861
8394
9903
7271
4036
5046
8779
1434
3780
8380
9734
3631
9112
7261
1854
7295
2028
5339
5429
5891
5580
0282
3606
2680
2807
6364
2740
8516
9718
6171
8847
4418
5949
0249
5917
7833
1207
4823
1406
5828
0359
5020
7812
7444
3458
4788
8253
6478
2840
9225
7563
9789
6644
2350
9340
0984
4043
2033
6822
3844
1748
4404
6155
2626
2312
3100
3288
2085
6775
7373
4741
4456
1487
3757
0043
4465
3023
6424
3798
5558
4892
8392
6891
4962
6541
5018
7515
6631
3661
9366
4784
4356
5232
9161
6547
2300
3209
0331
2211
4090
7137
3688
3213
3248
6924
6444
1125
6682
0245
1732
6427
6060
7231
2038
6289
8682
5698
1233
8966
0661
1062
7679
4508
9194
3082
3753
5188
5600
9643
7080
5838
9237
2278
9581
0412
1845
2877
5002
2640
0097
3612
1775
9048
6699
5091
4814
9875
2025
3560
8598
2409
9686
5084
2895
0568
6106
2353
2276
0340
3048
5400
3573
